0.04592719036837989 0.2361583100433277
-0.31012413463661037 -0.048256997677506325
-0.39806690415570956 -0.036962971862470745
0.4910683743408619 0.36301194551096316
-0.4804951483551053 -0.47643842624365373
-0.34130390238604447 0.017034637053962964
0.07789595675288119 0.2708417173930159
0.12795140165088037 0.40482624084148755
0.18694062513351795 0.3966471466554053
0.278026426071463 0.1459339277307889
-0.1926273570262801 -0.30572421711152553
0.25255162423808364 0.3121664211420271
-0.2525409998102274 -0.22408516809175583
-0.44957031776848166 -0.17695710971979706
0.35037172101557845 0.059511118011180225
0.17908378431464078 0.4021170929202132
0.37390403692114194 0.1484551939217666
-0.26933925295403893 -0.20991078375101155
-0.2862652519909451 -0.11343645503953068
0.03819447626419714 0.14951889589382017
-0.22084235014870912 -0.3173360931491065
-0.32978271024310435 -0.10205721792700498
-0.11455957495234348 -0.36159299714874693
0.13098110103335625 0.3765168829492474
0.2211020419072781 0.40756427946860885
0.026592124724098554 0.1224638611639171
0.3032324240957148 0.05537472272025327
-0.151653245217104 -0.36551570109561365
-0.44255869915170076 -0.3417420376563056
0.09705813060244972 0.415321164635744
-0.28045510050065126 -0.08012529026123588
0.4069112089705883 0.05003251776760338
-0.27451386779734976 -0.1458292490369982
-0.2597005937625283 -0.2955758356043302
0.49231021672250863 0.4187537002349517
-0.09212442933234954 -0.3567658227522006
0.418327311967309 0.19566860567595507
0.08918088924330847 0.3869200804881233
-0.38894348032693393 -0.17924468401250143
0.28691652932605405 0.17037154068043636
-0.19087699834451244 -0.4174607172327035
0.48589059568178294 0.3882800202070529
-0.26869194297450305 -0.12884070334330205
-0.08794002675880075 -0.2830607624384568
-0.25434639092506106 -0.13961520001607042
-0.42345712050323603 -0.10290138033483645
0.2732968040728817 0.10787096286441646
-0.23417221348548245 -0.38000731113993347
0.34117944887973917 0.09426288922886422
0.03678058623532765 0.10159863873231981
-0.2141485468644484 -0.310740823534335
-0.17055941877282188 -0.5099417166630039
-0.21466632005156483 -0.3663884420747014
-0.324012696467185 -0.14091489708266042
0.498916866996967 0.5346395835488942
-0.24036816716838638 -0.31452294162130306
0.13346532867780925 0.40702043694647594
0.131492017185332 0.35916338047946006
-0.3838395607638787 -0.09501279477445139
-0.07966780890133551 -0.278034896917516
0.14472790827523097 0.3432326114310001
0.2697931549446476 0.2317284545144734
-0.3260413331118184 -0.15464439910291455
0.33805820275458887 0.12480186192871373
0.3746382455940497 0.15295892298791705
-0.12573476672658346 -0.36836717259649965
0.24047334753436977 0.2553130524124525
-0.18267638941121023 -0.5034479367769304
-0.004091934117396279 0.048528478146918505
-0.010659720823290697 -0.008383692232269667
0.04078057646450928 0.14907633563052666
-0.30215366985783043 -0.06718633752225214
-0.22012498487541887 -0.24971797723347655
-0.392615609474816 -0.17973106992687748
-0.46680532855982726 -0.26130083866357734
0.13224139624004605 0.35615317005557756
-0.2753708157595338 -0.23494059036986503
-0.45926355866691326 -0.34794713724777493
-0.34311710691304165 -0.14363144282595924
0.11787107445440792 0.38723052131366203
0.41030223271900246 0.08649208022327559
0.4555839296391242 0.32551768902376543
-0.2353136575392335 -0.2429842524179252
0.22181492554014992 0.3610656546626505
0.3663230130119889 0.16014846825004336
-0.49647783340058294 -0.3929773560601527
0.051570711799583946 0.3192058164664764
-0.1391658682986776 -0.39080239771858094
-0.041867330462427854 -0.09295848014125804
-0.3829397854017168 0.012331787295193741
0.00472766388460244 -0.01815990327216732
-0.48608325577697975 -0.49078964056497
-0.28347903877845415 -0.09711838139382178
-0.4871388183857329 -0.4654919251542856
-0.3323832961367048 -0.11334726956195967
-0.47973654083693185 -0.3256852861334936
0.3710820452724487 0.14537041057301023
-0.26429435116287614 -0.2091855684910583
-0.28261648685857377 -0.13859327779079839
0.48773642512417814 0.44782786646623735
0.15884990433797508 0.45878966847532443
-0.07152616837956227 -0.22111638008581014
-0.005937420551355377 -0.0038629977444023696
0.09453248485332555 0.4196512790308956
-0.19214807414132873 -0.41259949689142633
0.10443780571537298 0.3601658692383663
0.24406740926034587 0.27787524629373084
0.12479843317076422 0.37313625146871066
0.48413313159667104 0.38666046771962925
-0.25274390370275135 -0.27471317091451913
0.42147172659172316 0.09649216911621457
0.3472980117082679 0.0003367888797640578
0.12493866243696716 0.32867045495142677
0.446392397270156 0.16225875134968948
-0.1761014253301838 -0.3359435634726563
-0.2107416355312247 -0.4019584056917218
0.014861079164471436 0.11371767556097276
0.024609823416102627 0.17271054887516507
0.2405609963116222 0.25874379475135145
0.051589288632648334 0.1872583693576854
0.09643879832875357 0.4014315109790153
-0.21839176106367397 -0.2936506158150677
0.2603385770076918 0.2997119960356698
-0.15013449773725507 -0.41454255025756603
-0.35877322378630283 -0.13801429067829069
0.11690471496726573 0.3573949912882545
0.24450252593008448 0.26226554604081753
-0.41033273513340873 -0.2161520563839788
0.23590478555845196 0.37223075839599273
0.13128055312978937 0.5239644134737762
0.1324924173772657 0.3731260599104509
-0.19437666727710912 -0.2976299625912623
0.222557296187467 0.3723653781769089
-0.40571865571808574 -0.04964997373901189
0.4536976357471675 0.3281562942496533
0.19008577006239236 0.47654852939662606
-0.2573886709691987 -0.1403218294976974
-0.4354785079424146 -0.16115754026703066
0.4273803820261104 0.24375936198608747
-0.21319351679751009 -0.30091511380797203
0.4262392552309855 0.2356284229069043
-0.022626327764093346 -0.17281923383644954
0.3091625457902625 0.0392487215410801
0.34753178460521095 -0.025455475839270436
-0.3256573382214547 -0.10051397787883173
-0.12612322741746707 -0.343481405834553
-0.08744506662615859 -0.34754037202988874
0.0753791897260856 0.3216416820403185
-0.36084958517194876 -0.06756062267769958
0.25187844992802855 0.34216854190612545
-0.020434295240027378 -0.1192139264365292
-0.0733836102799248 -0.25184227418603333
-0.11396746010851122 -0.3531903187125738
-0.3681187084029942 -0.05770523246657348
0.44649779144598534 0.31925262939714205
-0.3174443019044515 -0.17093225323181171
0.26841588438600483 0.11018264957509287
0.13964984745563291 0.4943632036851378
-0.4869890077455552 -0.3944651272830596
0.39102590292990846 0.021115427518645813
-0.3631158933062353 0.008313576428455954
0.08215326276135593 0.33554669159643635
0.4792518052275332 0.3455886149511525
-0.4375977500324998 -0.30646748616826436
0.04810479584145766 0.22277572451028468
-0.15531837220830602 -0.4715750328781513
-0.0956203297382181 -0.33052950293028066
0.38451457088837593 0.10546324389284292
0.31666113241581173 0.0913773708401375
0.19061728764539243 0.3681242820802898
-0.1875787676441365 -0.4572396715112928
-0.424792432373009 -0.10250641513146519
-0.24292162122534244 -0.24671749389515632
-0.11944546293999458 -0.35197912185136904
0.45020682955311986 0.30740752990267417
-0.2713590956104335 -0.18023651796350432
0.13871728442533016 0.5014082916019942
-0.3309224873165587 -0.10296258296499082
0.03622510927381506 0.22884882662152792
-0.40366714500674894 -0.11155483007645618
-0.38337086361329176 -0.12036269816133564
0.4866113426369596 0.3437103783069961
-0.3621992864759406 -0.06339299627086649
0.024267192890896738 0.16422487584897597
0.164659450559953 0.45538548263409073
0.3410107941106033 0.07619665050595789
-0.15038620430089922 -0.4528878435868995
-0.21195662793946302 -0.2695811275518267
-0.06522395281230509 -0.2853154880536531
0.00751603430045944 -0.053837953355172746
-0.35508067327312365 -0.10611179291922662
0.4128680812338834 0.19563457500492284
0.4268322208967228 0.11288474386874142
0.23204149687168274 0.2883437468482818
-0.24205845150406302 -0.3081810072109822
0.3641393108125045 0.007296367428618056
0.2500487108672472 0.21332202126500152
-0.3119074143156909 -0.062197472484428834
-0.4071509336904737 -0.08632921332093968
0.05899293820068885 0.209313117064249
-0.25482901999407714 -0.33512615788097044
0.3017333401507193 0.10837767786852537
-0.11907697399046102 -0.36593115633617346
0.4356763140927883 0.26229349115521616
-0.3331231708750819 -0.1489649588492309
-0.19438543934140684 -0.4749652572669324
-0.2879364990795792 -0.1423036338192739
0.4809079765606523 0.35451523995686
-0.35324401476937095 -0.09140062408999661
-0.21142695597768313 -0.35276629145385163
0.02728608869612137 0.2244753693304304
-0.20537175856197654 -0.43366590542359107
0.09601567298193725 0.2879394650752083
0.25709256470779573 0.1661332723753071
0.20706004239366527 0.2695694832589148
0.14207457796481282 0.3855808090285481
0.16797431469416113 0.46966003719264887
0.14451872797242094 0.38405004547496874
-0.02772660817994055 -0.20967170755172132
-0.09440402234911227 -0.32059708995146985
0.32772175989423147 0.1356477284815352
0.2584987302781775 0.29886033634065046
0.07613540740774793 0.3147197188752654
-0.24840158893788222 -0.29616531777937805
-0.26916980742605157 -0.25835238758723794
-0.171162084262252 -0.3604755669040971
0.4421422603289541 0.25535860644412856
0.4006024329076492 0.17970881669166294
-0.19209907817151084 -0.45998684669772005
-0.03406414973249461 -0.11543296044151566
0.08685399781890679 0.43563490603658384
-0.09639639730211624 -0.4614302097016063
0.36891813654255434 0.08207228496903522
0.2421814057401842 0.36259045324490247
0.14515354424560167 0.4607792055017755
-0.24169016791524334 -0.34633398547887306
0.18506494860112044 0.40420110394224473
-0.0642434923279187 -0.20668313202569186
-0.02068278308751148 -0.07580216080333808
0.12596790983742534 0.4561710079439875
-0.4672810888840321 -0.3644876899295244
0.04010279582167087 0.21547230584127772
0.3909446524611566 0.018970136992821157
0.0490096508993314 0.1694973628842073
-0.10158406648714902 -0.4134471539683847
-0.4446033596375826 -0.3204146593802416
0.35332449746226713 0.124175508110666
0.20888212143494045 0.40272834654631634
0.21459571705340585 0.3368510368812214
-0.3993046599452488 -0.09660735042623483
0.21071366275923598 0.3975619210929791
-0.3434437916013785 -0.14086993561393246
-0.01890663274554849 -0.03911454286247018
-0.4557974232919858 -0.2597422875077353
-0.07839405031454272 -0.31054209198728966
0.1478449397528796 0.48079681823587006
0.36913992711225474 0.024874629484014393
0.210406784880112 0.3318602442065232
0.32755146829797366 0.0005663273572531491
-0.41682308431829274 -0.06845221991538675
0.39788204779360004 0.13188605933996628
0.4600097170337889 0.276808689383186
0.3612390025292238 0.09107553757420844
0.39970898104240127 0.1859691846442674
0.36705561862017266 0.06278671628217478
0.3511946879329846 0.12925361259006707
0.2809678878691212 0.16836061688403636
0.45376532113822565 0.345870039942357
-0.2610714772095336 -0.21920014475644126
-0.41058932332015163 -0.23910433793766805
0.033120823722813775 0.14212216293325008
0.34689013416876635 0.007153735195588762
0.23833719517645702 0.19987750272565225
-0.3216638356261353 -0.0390060979500072
0.2186671336212641 0.2729365240774753
-0.11155044596617458 -0.47597118029529656
-0.2677033015018052 -0.19061554908264772
0.4054596907793294 0.12498049352286543
0.3752080733196078 -0.005759698283141712
-0.47243563602203165 -0.33731991036283593
-0.06058000208945469 -0.21658846486102254
0.14529401001356845 0.3645950320245878
0.018358781892528042 0.13865057419189047
-0.16346626960395538 -0.4553823531716287
-0.1508707334009709 -0.36542764643138903
0.46369691183336414 0.23821501994855165
-0.18409097792338502 -0.37039092716405986
0.4609041302619694 0.25082386876098217
0.26145186115120933 0.157518444005605
-0.11127227340196033 -0.4617357840111879
-0.20964367233525516 -0.2900987806271581
0.42313731918885866 0.11749891480274177
0.2485073246559315 0.28569374271996195
0.3263458304840997 0.12999833504395353
-0.2631299058966614 -0.14622886359891668
0.03296007697232384 0.0838788008036076
0.20129483810716808 0.44681260854669114
-0.20496245889971354 -0.32829874369035766
0.29866065202977143 0.12468991654396118
0.42257649075745707 0.12569849625731222
0.36086996151427864 -0.028582960470957583
0.42037843513008355 0.11946722765435724
0.1637175306674865 0.48267713493271003
0.44290204443151127 0.1979823729567643
-0.3297832090751657 -0.13170845509301052
-0.24741018291743622 -0.21651635636493127
-0.46538891407101834 -0.2835433649177466
0.040505773777995024 0.18004365658159
-0.3143360140284984 -0.01912236949619303
0.02383593538116835 0.14591328812513613
0.15441716507624892 0.39379066771734894
0.22972632392760783 0.33218589154511247
-0.0234185431929802 -0.13793821577345272
0.4244101119991236 0.09416749526461582
0.46475885170442655 0.32639884282973375
-0.01855044146963991 -0.08512400527089346
0.037792990170887 0.15694107745963365
0.24350496872881444 0.2753447013973155
0.029688951933914742 0.14831991716008908
0.042054076084325875 0.1454816988784892
-0.3765206489954024 -0.07624073058150208
-0.4763884063937701 -0.30376423935646335
-0.36694665973856233 -0.07437197716739326
-0.05764418304917229 -0.29914685658525325
-0.22996059364724475 -0.24963641634127579
0.17138662799543403 0.3428048698646331
-0.02257791034320822 -0.07852328262311074
-0.35451236346109816 -0.14601335314231761
-0.2668327819329801 -0.16552472016716582
-0.42222495135619875 -0.22093672606741055
0.31934480505146523 0.14883244260707454
-0.06949320193699915 -0.2772776663903077
0.17045938969106822 0.38426313240545845
-0.4957656705642063 -0.43849705453972426
0.14212662581326474 0.5170126896648993
-0.029161794888706072 -0.13845325869270475
0.07650380681780955 0.36732440249402243
-0.19850553529159265 -0.4588316326307233
0.005154080930868776 0.07559876461803873
0.043736510168274734 0.1689361548487711
-0.22988401345004306 -0.30259557057431286
0.25584874246922906 0.20669154792239225
-0.07820007384412186 -0.3278033696044323
-0.09585163240139338 -0.3055601694013923
-0.29647942720127163 -0.13280525909547522
-0.03686761477079059 -0.17173410192903074
0.16261467003141528 0.5073370603953562
0.4972469646009897 0.5522861939557482
-0.27044706779203487 -0.1274410437387007
-0.33280447877640607 -0.09122018837667176
-0.4267604097534665 -0.2541624548519235
-0.15271866877594809 -0.40723356517964127
-0.47363079606768743 -0.37537524404778083
0.3609547993853863 0.09855381145788261
0.18839532634670997 0.40991031240648496
-0.41458080248622375 -0.17706253487727724
0.08695912551036034 0.26273869791983084
-0.3244087255436592 -0.16168988375714283
-0.4515501865565229 -0.1927237600801311
0.3811814804099023 0.08273820007653201
-0.42209040009961696 -0.2612698220669998
0.130126960091967 0.4761663052262421
-0.2152351257008056 -0.41738316619473315
0.37887058006825625 0.17238018926566934
0.2477519812930623 0.18286954280261913
-0.0366580706534132 -0.24884891906493695
-0.37438237438515987 -0.06946930830589425
0.32672299352430023 0.15889097813926165
-0.3650591405995659 -0.11982419568335084
-0.06628253738951895 -0.20618819553832454
-0.19896747348811894 -0.3624945742398721
0.3665034906359942 0.16076778555588792
-0.38566877621338813 -0.1340170965339867
-0.48999763210444613 -0.4847474673991373
-0.4781699839069651 -0.3975409509033011
0.4675310730562505 0.2684157276281521
-0.31508358865436836 -0.07413448431644837
0.32166624980429337 0.016196571747532945
-0.3962291151612004 -0.0642865000572318
-0.3862599534717439 -0.17200541541176817
-0.019702563834955278 -0.025036409777675267
-0.12551622198373036 -0.4537701143429075
0.08887602551731344 0.41213269563977006
-0.475052008315788 -0.4035646921908453
0.2827155403338628 0.13604400085346052
0.4788472320205728 0.457205406654449
-0.36210840290926904 -0.07310287401718096
0.22899539782177902 0.38731809745207224
-0.31484395520753483 -0.012781142677752655
-0.3812795004862024 -0.05747656359293403
-0.14035986773263787 -0.5279875130475469
0.001753772127451314 0.0230916884731523
0.124676802185405 0.3517524662395044
0.0909445284054895 0.3778325722190086
0.19934157529115415 0.4340382821925475
0.19575759415770566 0.44325447433747855
-0.27216456896809094 -0.1755412898414569
0.1283852277753006 0.4791185886498413
0.21110982367547348 0.4365333892210179
-0.3112999422793331 -0.01994120189731577
-0.12157528961639297 -0.32754228803305185
-0.0721179205416086 -0.22473174975648041
-0.39387110990465746 -0.18512781948816526
-0.016767537213054462 0.012602969772058353
-0.09725630590284684 -0.3218506670068142
0.29816636620693504 0.10761366076081576
-0.23702159579409188 -0.3626118048870203
0.32840460703550267 0.09716645700600399
0.064490042625589 0.20953783493501627
0.06632977021870745 0.33446772528428403
0.26123636730036126 0.1859024450847708
-0.21493338480258684 -0.2458693590103879
-0.07544337520990185 -0.2946563831624028
-0.44565389823641177 -0.2457552593420251
0.20512465022251392 0.43624989455295105
0.42707964413879773 0.15864405551638194
0.43233751354947436 0.2504354515590158
0.29292332486896 0.12550796987604418
-0.09328259495607938 -0.3882955154263083
-0.0329564306434148 -0.07935071436680752
-0.30894556213216795 -0.021658600075144363
0.3124176329494829 0.12583674088563776
-0.28446996929425006 -0.19658332445463844
-0.009351553684639469 -0.08202984096132576
-0.08512022282665199 -0.34245725521792514
0.07343337771505865 0.2548409848307866
0.17491653404298357 0.3717621393759809
0.3113584772123682 0.07402163532724802
-0.011164173755604967 -0.08836396088858342
-0.4465740048687239 -0.3583600695451121
-0.13136467202790458 -0.39199497398177763
0.06350572107268082 0.30439767536593854
0.23123338798274917 0.3033692734744781
0.17658231993066031 0.47913075206574796
-0.43669751154283143 -0.2024092349363667
0.21707910637973893 0.3331887160881806
0.16144499448027416 0.363436576730504
0.4607184519065327 0.34955635949783853
-0.07163722233733993 -0.4065664325091729
-0.2794443684407816 -0.22709789935472416
-0.09607818762477416 -0.33873225955555286
0.22231827484675404 0.29477875578107354
-0.02130391084516947 -0.012836241742038165
-0.37049975674037694 -0.04718183476352186
0.10036967701559618 0.3646954945147464
-0.21189550027247062 -0.3123796359121151
0.2091923842688329 0.33399740014525664
0.1932343315364733 0.36575130093824115
0.07819336982396352 0.25618801343403175
-0.17222565310986948 -0.343757859336004
-0.1142924171434132 -0.4679314175849879
-0.03867921283946729 -0.2364622886634175
-0.4370711207003126 -0.30106364010830355
0.1501247128589327 0.4429601701439926
-0.23820600208116272 -0.20797940492776487
-0.4541683449703412 -0.22518402435876542
-0.32161455433122643 -0.12375879733602951
0.09298116991156857 0.31980153052137233
0.11333582103301931 0.5021714669562646
-0.22486561459704135 -0.24659632443884358
-0.35387157391385504 -0.11263728280278669
-0.06603577003318262 -0.37293647151817727
0.20072596953811794 0.3655389266991234
0.3149737402341324 0.008494354084850789
-0.2721257204085362 -0.10773410553491392
0.4183555281007876 0.15484080779391776
0.22821149732569923 0.36404687587381496
0.27077010612607655 0.14857050055607343
-0.2297534565806596 -0.27105883816183307
0.4696527453836954 0.265879006549638
0.057922693746859655 0.2351502031486177
0.28401461551943175 0.07720592708792076
-0.0215357724456261 -0.05706037586556609
-0.4278346810885596 -0.17585629150897036
0.09472360688672321 0.2891907784071698
0.45110494551925473 0.31072719075221616
0.3298636223321346 0.09731402219862789
-0.24511394492380412 -0.17026801759000565
0.2788475786721387 0.2262431671034213
0.12379780967739362 0.46995762765838234
0.17182566470825655 0.4457606987644712
-0.3549462833778321 -0.12652513906978322
0.4554337657936157 0.3888839898577956
0.18222074012296108 0.33689874157496535
-0.3893481847256116 -0.016237385454504566
-0.22870874347484804 -0.2372530091535997
-0.49475338119804857 -0.3761012798356397
-0.04219184354947925 -0.11177192627692364
-0.027884918245516865 -0.21574898512434743
-0.30390697308161985 -0.1700664980861177
0.4604911536836743 0.34182840915167434
0.36608895440832057 0.016071317842055254
-0.05770302738329591 -0.18414132703164038
0.2214991491742182 0.25383510299563594
0.25024879864995153 0.33223823511313294
0.29422191523171337 0.19296391967082105
0.1136235830962069 0.3623178590138717
0.477417191371732 0.30604770374613094
0.17419424733562394 0.41429378882470935
-0.32207154921596703 -0.07766153566322012
